	1.7880000000003447e-05
	5.749999999998812e-06
	2.7579999999999272e-05
	2.738999999999936e-05
	5.2429999999997755e-05
	2.690000000000192e-05
	2.2890000000003184e-05
	5.605000000000193e-05
	6.113999999999842e-05
	6.077999999999917e-05
	6.46300000000044e-05
	7.378999999999581e-05
	0.00010963999999999974
	0.00019017000000000063
	0.00012696000000000373
	0.0003052100000000002
	0.0005420800000000003
	0.0014876
	0.004347880000000004
	0.018696219999999996
	0.21158085
	1.5059473
	9.92999999986921e-06
	5.619999999950664e-06
	1.3899999999722467e-05
	9.159999999752699e-06
	1.4230000000026166e-05
	2.841999999994016e-05
	3.230000000016275e-05
	3.767999999979565e-05
	7.595000000009123e-05
	8.113999999999066e-05
	9.347000000019534e-05
	8.371999999994273e-05
	9.025999999998647e-05
	0.00013286999999984062
	0.00015174000000008902
	0.00016510000000025116
	0.0003830900000000526
	0.0014770900000002029
	0.003310199999999952
	0.018817349999999778
	0.21275392999999987
	1.51394253
	1.1020000000172559e-05
	7.610000000113359e-06
	9.739999999425208e-06
	1.0359999999565161e-05
	9.75999999965893e-06
	2.5850000000104956e-05
	2.7560000000192985e-05
	6.282999999953631e-05
	8.182999999988283e-05
	5.1619999999985564e-05
	6.188000000051375e-05
	7.844999999946367e-05
	0.00010017999999973881
	0.00014362000000005536
	0.0001311199999996404
	0.00015952999999981898
	0.000630689999999845
	0.0011097300000002975
	0.0036407400000001643
	0.017618050000000097
	0.20804345999999968
	1.50565432
	1.0289999999457677e-05
	7.830000000552673e-06
	1.4649999999960529e-05
	1.4579999999853044e-05
	1.7109999999576074e-05
	6.49199999998018e-05
	3.6139999999562636e-05
	3.305000000040081e-05
	5.110000000030368e-05
	5.294999999989613e-05
	7.056000000034146e-05
	9.810000000030073e-05
	0.00010851000000045019
	0.00013332999999988716
	0.0001453300000001434
	0.00016864999999981477
	0.0005154599999997345
	0.0013143900000002872
	0.004144879999999773
	0.01845934999999983
	0.21337462999999984
	1.50503273
	1.1479999999153279e-05
	5.360000000109722e-06
	1.812999999941667e-05
	1.622000000054413e-05
	2.8749999999888586e-05
	5.7990000000529564e-05
	2.7819999999678657e-05
	4.942999999997255e-05
	6.884000000013657e-05
	5.698999999879106e-05
	6.506000000001677e-05
	0.00011931000000089397
	0.00012403000000063002
	0.00013523000000077446
	0.000183419999999046
	0.0001941200000004528
	0.0004548800000009123
	0.001492519999999331
	0.0040472999999991545
	0.017879030000000285
	0.21123930000000116
	1.50566659
	9.720000001323115e-06
	1.1050000000523142e-05
	3.564000000011447e-05
	2.4480000000437485e-05
	4.9270000000944944e-05
	2.6269999999328775e-05
	6.123000000002321e-05
	3.660999999937076e-05
	6.30299999997419e-05
	5.316999999962491e-05
	5.703000000067959e-05
	9.562999999985777e-05
	0.00013297999999934974
	0.0001291899999998236
	0.000146859999999549
	0.00020736000000027844
	0.0006191000000001168
	0.0010509200000001328
	0.00411471999999975
	0.017714960000000703
	0.20958332999999954
	1.4992418399999992
	9.63999999896714e-06
	1.966999999893915e-05
	1.4810000000409217e-05
	1.111999999920954e-05
	1.1299999999891953e-05
	2.351999999916643e-05
	2.6339999999436257e-05
	6.25400000004106e-05
	7.068999999972902e-05
	0.00011030999999945834
	0.00010807999999968842
	9.671999999909531e-05
	0.00010201999999992495
	0.00016974000000118393
	0.00015631999999925482
	0.00018704999999954452
	0.0007688999999999168
	0.0012592799999993076
	0.003718500000000802
	0.017866699999999014
	0.2092818699999995
	1.5043761700000005
	1.1859999997909653e-05
	8.769999999458377e-06
	1.3020000000096844e-05
	1.955000000180007e-05
	1.699000000030537e-05
	2.9140000000893453e-05
	2.9500000002258277e-05
	4.210999999827436e-05
	6.687999999996919e-05
	5.400000000008731e-05
	6.346000000121422e-05
	8.269999999868105e-05
	9.611999999776799e-05
	0.00017350999999905526
	0.00019996999999989385
	0.0002175999999991518
	0.0010137499999984811
	0.0011672800000013695
	0.003260270000001242
	0.018246709999999666
	0.20973992000000125
	1.5050180799999993
	1.0280000000761903e-05
	4.400000000259751e-06
	1.1349999999765714e-05
	1.0559999998349667e-05
	1.0050000000205728e-05
	1.622000000054413e-05
	2.4319999999988796e-05
	4.596999999932905e-05
	5.902999999989334e-05
	6.192999999825588e-05
	6.367000000011558e-05
	9.392000000048028e-05
	9.329000000093401e-05
	0.00016586000000131662
	0.00017548999999803528
	0.0002500399999973979
	0.0008665900000011106
	0.001356849999999099
	0.0032890000000008967
	0.017521780000001284
	0.2090572399999985
	1.5122300800000006
	1.0809999997718478e-05
	4.080000002204542e-06
	9.190000000103282e-06
	1.100000000064938e-05
	1.2110000000120635e-05
	1.3710000001765365e-05
	1.9539999999551583e-05
	3.204999999866232e-05
	7.14899999991303e-05
	0.00010395999999843753
	8.210999999960222e-05
	0.00010324999999795636
	0.00010322000000257958
	0.00014359000000183642
	0.0001376600000014605
	0.00023946999999964192
	0.0007181699999989632
	0.0023772100000002184
	0.004297370000000455
	0.017541319999997994
	0.20979270999999927
	1.5045055400000025
