	4.7499999999978115e-06
	2.3200000000000998e-06
	2.1199999999998997e-06
	3.610000000003888e-06
	2.829999999998112e-06
	2.940000000001275e-06
	2.5500000000011623e-06
	3.900000000001125e-06
	4.0399999999996e-06
	3.819999999998824e-06
	4.110000000001612e-06
	4.559999999997899e-06
	4.479999999995598e-06
	5.7799999999996745e-06
	4.180000000003625e-06
	6.840000000002399e-06
	2.7719999999997746e-05
	0.0002021800000000018
	0.0009723300000000102
	0.004853829999999992
	0.03532833
	0.14246458
	0.005405529999999814
	4.790000000198802e-06
	1.9500000000505225e-06
	2.4899999999661304e-06
	2.9399999998958037e-06
	2.5499999999567536e-06
	5.170000000020991e-06
	4.7200000000913175e-06
	3.3600000001854367e-06
	3.4700000000498223e-06
	3.3800000000638873e-06
	3.489999999928273e-06
	3.609999999909519e-06
	4.3900000001428905e-06
	3.979999999970118e-06
	4.9499999999369494e-06
	2.4760000000156877e-05
	0.0002270600000002787
	0.0010553500000000326
	0.004816080000000156
	0.03362061000000018
	0.13843566000000002
	0.005363490000000581
	3.4499999998161003e-06
	1.7999999997186933e-06
	5.049999999329202e-06
	6.220000000212167e-06
	4.38000000002603e-06
	2.789999999919246e-06
	3.1499999998629847e-06
	3.5399999994467634e-06
	3.3600000001854367e-06
	3.0000000002416984e-06
	3.369999999591755e-06
	3.399999999942338e-06
	4.040000000316013e-06
	4.120000000540358e-06
	5.469999999974106e-06
	2.366999999949826e-05
	0.00019881999999995514
	0.0010608400000002404
	0.0047408600000004245
	0.03382164000000003
	0.13919889999999951
	0.005365079999999978
	3.570000000507889e-06
	1.9899999998074237e-06
	2.2000000001298757e-06
	2.9099999999004924e-06
	2.849999999909869e-06
	2.4700000004429513e-06
	3.39000000053602e-06
	3.350000000068576e-06
	3.389999999825477e-06
	3.1299999996292627e-06
	3.5799999999142074e-06
	3.6100000002647903e-06
	4.200000000054161e-06
	4.140000000063537e-06
	9.800000000126375e-06
	2.7029999999683695e-05
	0.0001962300000002415
	0.0010535300000000802
	0.0048001499999998035
	0.033725040000000206
	0.1404924699999995
	0.005319790000000069
	5.560000001025855e-06
	1.8900000000598993e-06
	3.169999999386164e-06
	2.8000000000361068e-06
	2.940000000251075e-06
	5.5500000001984516e-06
	3.119999999512402e-06
	3.3599999994748942e-06
	3.300000000194814e-06
	3.1900000010409713e-06
	3.620000001092194e-06
	3.6800000003722743e-06
	4.639999998801158e-06
	4.100000001017179e-06
	5.380000000343443e-06
	2.7259999998818785e-05
	0.00020781000000056338
	0.001004509999999925
	0.004911630000000855
	0.0337185599999998
	0.14005591000000095
	0.005453579999999647
	3.4599999992224186e-06
	2.0200000008685494e-06
	2.1999999987087903e-06
	3.760000001307162e-06
	2.9299999994236715e-06
	2.5600000000736144e-06
	3.25999999972737e-06
	3.2100000012746933e-06
	3.6500000007322344e-06
	3.859999999633601e-06
	3.819999999166157e-06
	3.789999999526117e-06
	4.269999999451102e-06
	4.6199999999885225e-06
	5.829999999207303e-06
	2.5839999999277552e-05
	0.00019667999999910534
	0.001105169999999589
	0.004768450000000257
	0.0336634800000013
	0.14071957000000027
	0.005377790000000005
	3.940000000568489e-06
	1.8799999992324956e-06
	2.209999999536194e-06
	3.600000000858472e-06
	4.2500000006384655e-06
	2.969999999891115e-06
	4.709999998908643e-06
	2.840000000503551e-06
	3.3799999997086163e-06
	4.38000000002603e-06
	3.5900000000310683e-06
	3.490000000283544e-06
	4.4399999993061105e-06
	4.220000000998425e-06
	4.9000000004184585e-06
	2.5600000000736145e-05
	0.00022394000000076631
	0.001048469999999213
	0.004744839999999329
	0.03343715999999972
	0.1412586399999995
	0.0052699499999988575
	3.4100000021908274e-06
	1.8600000004198592e-06
	2.9899999987037518e-06
	2.870000000143591e-06
	2.7999999986150214e-06
	5.190000001675798e-06
	3.209999999853608e-06
	3.2000000004472896e-06
	3.6899999997785926e-06
	3.669999998123785e-06
	3.4200000015971453e-06
	3.569999998376261e-06
	4.269999999451102e-06
	5.4599999998572455e-06
	7.489999998711028e-06
	3.2179999999470964e-05
	0.0002419199999991406
	0.0010505199999983005
	0.004930260000000431
	0.03277688000000012
	0.142563659999999
	0.006351060000000075
	5.080000002521956e-06
	3.2000000004472896e-06
	2.9600000004847972e-06
	2.4899999999661304e-06
	3.870000000461005e-06
	3.620000001092194e-06
	3.040000001419685e-06
	3.800000001774606e-06
	5.6000000000722135e-06
	4.240000001232147e-06
	4.46999999894615e-06
	4.979999999932261e-06
	6.629999998608582e-06
	6.580000001576991e-06
	8.740000001239424e-06
	4.735999999923024e-05
	0.00024805999999841786
	0.0011616400000008299
	0.00513948000000255
	0.03680349999999919
	0.14493903999999985
	0.0057506099999983466
	4.059999997707564e-06
	1.7799999994849713e-06
	2.870000000143591e-06
	5.949999999188549e-06
	3.4300000010034636e-06
	2.7499999987412594e-06
	3.0500000008260033e-06
	3.300000000194814e-06
	3.479999998035055e-06
	3.219999999259926e-06
	3.350000000068576e-06
	3.530000000750988e-06
	4.280000001699591e-06
	3.899999998679959e-06
	5.000000001587068e-06
	2.5779999998576385e-05
	0.00022998999999970237
	0.001037249999998835
	0.0047073000000011685
	0.03348330000000033
	0.14273464999999988
