	1.8220000000002123e-05
	4.290000000001237e-06
	1.59200000000026e-05
	9.850000000000136e-06
	1.5569999999998084e-05
	1.4370000000002436e-05
	2.286999999999706e-05
	4.52800000000031e-05
	7.300000000000084e-05
	6.43899999999975e-05
	5.466999999999556e-05
	8.317000000000463e-05
	0.0001536700000000002
	0.00013807000000000126
	0.00014859999999999873
	0.0001738699999999982
	0.0003788899999999984
	0.0012133100000000063
	0.0032481800000000007
	0.018093120000000008
	0.21894198999999998
	1.5172893200000002
	9.580000000042333e-06
	5.099999999913507e-06
	1.1080000000163182e-05
	1.1549999999971305e-05
	1.470000000018956e-05
	2.9669999999981655e-05
	3.9400000000000544e-05
	8.334999999988213e-05
	8.756000000005315e-05
	8.883999999973469e-05
	7.732000000011396e-05
	8.617000000015196e-05
	9.0720000000033e-05
	0.00015099999999996784
	0.00017457000000007384
	0.00019820999999993206
	0.0004951800000000617
	0.0015178399999999925
	0.0037886399999997877
	0.01857432999999986
	0.21043702999999994
	1.5045334899999996
	1.0479999999546408e-05
	1.0929999999831353e-05
	1.371000000034428e-05
	1.6500000000263527e-05
	1.719999999991728e-05
	4.403000000010593e-05
	3.2920000000302706e-05
	4.595999999992273e-05
	6.244000000066308e-05
	5.557999999936669e-05
	6.908000000009906e-05
	8.369000000030269e-05
	9.36800000005178e-05
	0.00016488999999992872
	0.00016015999999936527
	0.0002189400000006003
	0.0006076100000001361
	0.001492280000000079
	0.003423039999999844
	0.01738493999999946
	0.20894266999999972
	1.4973092399999999
	1.0679999999751998e-05
	4.080000000072914e-06
	1.0559999999770753e-05
	1.9180000000318385e-05
	2.1869999999779567e-05
	2.2879999999503298e-05
	2.7419999999978016e-05
	4.7639999999660175e-05
	8.203999999949474e-05
	5.784000000019773e-05
	8.748000000053935e-05
	9.544000000047959e-05
	9.174999999999045e-05
	0.00013762000000028252
	0.00022251000000039767
	0.00027351000000024327
	0.0006092100000003597
	0.0016099699999998051
	0.0032692000000004383
	0.01799210000000002
	0.20757177999999996
	1.50361112
	1.1680000000069413e-05
	5.569999999011088e-06
	1.6519999999786705e-05
	1.6590000001315275e-05
	1.6929999999604207e-05
	5.139999999954625e-05
	3.748999999970692e-05
	3.595000000018444e-05
	6.375000000105046e-05
	5.669999999895481e-05
	5.7889999999360954e-05
	7.150999999936403e-05
	0.00011394999999936317
	0.00012169000000028518
	0.0001407799999995518
	0.00019272999999913053
	0.0003580300000010084
	0.0012266999999994254
	0.004103359999999156
	0.017595109999999182
	0.2090459299999992
	1.4996133799999996
	1.127999999965823e-05
	3.970000000208529e-06
	9.629999999560823e-06
	1.062000000047192e-05
	1.9159999999374123e-05
	1.3889999999605607e-05
	2.2289999999713928e-05
	5.134999999967249e-05
	0.0001436299999994617
	8.682999999933826e-05
	6.711999999993168e-05
	7.912000000089847e-05
	0.00010129000000063116
	0.00018183000000107085
	0.00021435000000025184
	0.00021093000000007577
	0.00060514999999981
	0.0011959300000000893
	0.0034544999999994276
	0.018313019999999368
	0.21016587999999956
	1.5032884499999994
	1.1189999999317023e-05
	8.839999999565862e-06
	1.5430000000549172e-05
	1.4040000000647978e-05
	1.303999999890948e-05
	2.364999999997508e-05
	2.2429999999928897e-05
	4.9119999999902575e-05
	6.362999999964813e-05
	5.323000000032607e-05
	7.223000000067259e-05
	9.224000000074284e-05
	0.00010850000000033333
	0.00018608999999969456
	0.00018105999999988852
	0.00020687999999893236
	0.00038059999999973115
	0.0012189100000000509
	0.0038793700000013588
	0.01807689000000039
	0.21019565
	1.5046784299999985
	1.0580000000004474e-05
	7.739999998079838e-06
	1.3719999998329513e-05
	1.7800000000534057e-05
	3.0659999998761124e-05
	5.6290000000558396e-05
	2.3189999998862733e-05
	3.828000000112297e-05
	8.703999999966072e-05
	5.3600000001097214e-05
	6.894000000272627e-05
	0.00010050999999862142
	9.51000000014801e-05
	0.000156210000000101
	0.00012687999999911882
	0.0002509699999990289
	0.0009566199999994751
	0.001217249999999126
	0.004011660000000461
	0.017776579999997467
	0.20980993999999953
	1.6693806499999995
	1.723999999967418e-05
	6.739999997762425e-06
	1.3319999999339415e-05
	1.1500000002229172e-05
	1.0299999999574538e-05
	1.694000000043161e-05
	1.877999999919666e-05
	3.901999999982309e-05
	0.00013237000000003717
	7.392999999922267e-05
	9.923000000071625e-05
	9.258000000045286e-05
	0.00020317999999974745
	0.0002690700000016477
	0.0002674899999988156
	0.00031105999999851973
	0.0005085100000002285
	0.0012469199999998182
	0.00459711000000027
	0.019725639999998636
	0.22773371000000112
	1.5237438400000003
	1.1210000002392917e-05
	5.6900000004134196e-06
	1.2860000001069239e-05
	1.0919999999714491e-05
	2.348000000154116e-05
	5.3629999999316166e-05
	3.295000000207438e-05
	4.6889999998711575e-05
	5.572999999969852e-05
	6.618000000173652e-05
	6.133999999917706e-05
	7.824999999854754e-05
	0.000110669999997981
	0.00015297999999859259
	0.0001451300000013589
	0.00019477999999821803
	0.00047385999999960404
	0.0015357600000015736
	0.0033956100000011704
	0.017678799999998773
	0.21108658999999932
	1.5136546500000008
