	4.509999999996461e-06
	4.36000000000325e-06
	2.069999999998462e-06
	4.5200000000023e-06
	2.7700000000019377e-06
	2.910000000000412e-06
	2.869999999999262e-06
	2.8000000000028e-06
	3.1899999999973614e-06
	3.3900000000031126e-06
	4.260000000000374e-06
	3.5500000000021624e-06
	4.149999999997212e-06
	6.989999999995611e-06
	6.489999999997886e-06
	8.190000000002363e-06
	3.207000000000071e-05
	0.00019235000000000224
	0.0010162999999999921
	0.004719180000000001
	0.03399528
	0.14036880000000002
	0.005271640000000133
	3.62000000002638e-06
	1.8499999999477267e-06
	2.5000000000829912e-06
	2.0700000000317685e-06
	4.260000000044783e-06
	2.1999999997746046e-06
	3.24999999996578e-06
	2.870000000143591e-06
	3.069999999993911e-06
	6.7599999997725035e-06
	3.5700000001526177e-06
	3.62000000002638e-06
	4.260000000044783e-06
	4.129999999946676e-06
	4.990000000049122e-06
	2.7370000000104257e-05
	0.00019570000000008748
	0.0010515899999997912
	0.004837440000000015
	0.033849710000000144
	0.14012758000000006
	0.0053274899999998125
	3.490000000283544e-06
	1.9600000001673833e-06
	3.080000000466043e-06
	2.5900000004241973e-06
	6.199999999978445e-06
	2.870000000143591e-06
	2.6500000004148204e-06
	3.6300000004985123e-06
	3.1599999999798455e-06
	4.2599999993342404e-06
	3.39000000053602e-06
	3.7300000002460367e-06
	4.030000000199152e-06
	3.989999999731708e-06
	5.140000000380951e-06
	2.6900000000296133e-05
	0.00020178999999984626
	0.0010632299999997485
	0.004781889999999578
	0.034255750000000515
	0.1416806699999995
	0.00538527000000002
	3.6599999994280098e-06
	1.7899999996018323e-06
	5.050000000039745e-06
	3.2600000004379128e-06
	4.470000000367236e-06
	5.360000000109722e-06
	3.1499999998629847e-06
	3.6399999999048306e-06
	3.4999999996898622e-06
	3.6100000002647903e-06
	6.750000000010914e-06
	3.399999999942338e-06
	4.169999999703577e-06
	3.9300000004516274e-06
	5.219999999894754e-06
	2.758000000042671e-05
	0.0002053199999998867
	0.001021479999999997
	0.004737190000000169
	0.03351067000000043
	0.13934455000000057
	0.0053200400000008585
	5.960000000015953e-06
	2.0800000001486297e-06
	2.820000000269829e-06
	2.890000000377313e-06
	3.2500000003210515e-06
	2.779999999802385e-06
	3.309999999601132e-06
	3.3100000010222176e-06
	3.4700000000498223e-06
	3.239999999493648e-06
	3.629999999077427e-06
	5.009999999572301e-06
	4.199999999343618e-06
	3.970000000208529e-06
	4.930000000058499e-06
	2.67100000002074e-05
	0.00020187000000078116
	0.0009842800000001261
	0.004729099999998709
	0.03346899000000007
	0.139964710000001
	0.005347409999998831
	3.5699999997973462e-06
	1.9299999991062576e-06
	6.8099999992909945e-06
	4.709999998908643e-06
	2.8100000008635105e-06
	2.2400000005973197e-06
	3.2300000000873295e-06
	2.8100000008635105e-06
	3.1399999997461235e-06
	3.2899999993674102e-06
	4.210000000171021e-06
	3.510000000517266e-06
	4.5999999997548e-06
	4.1100000004234975e-06
	5.0399999992123415e-06
	2.7790000000038618e-05
	0.00020039999999994508
	0.0009933900000007156
	0.004881029999999953
	0.033470819999999436
	0.14106866000000054
	0.00525505000000095
	3.490000000283544e-06
	3.8000000003535207e-06
	2.930000000844757e-06
	2.930000000844757e-06
	2.4199999998586464e-06
	2.4999999993724487e-06
	3.1399999997461235e-06
	3.279999999961092e-06
	3.1000000006997652e-06
	5.85000000086211e-06
	3.2000000004472896e-06
	3.58000000062475e-06
	4.46999999894615e-06
	4.060000000549735e-06
	5.0000000001659824e-06
	2.922999999981357e-05
	0.0002019099999998275
	0.0010542799999996078
	0.004741930000000139
	0.03386232000000007
	0.14053089000000085
	0.0052458800000010795
	3.7300000002460367e-06
	1.9199999996999397e-06
	3.0199999997648775e-06
	2.870000000143591e-06
	3.4499999998161003e-06
	2.7499999987412594e-06
	3.3300000012559393e-06
	3.1900000010409713e-06
	3.850000001648368e-06
	3.1599999999798455e-06
	3.490000000283544e-06
	3.6100000016858757e-06
	4.319999999324864e-06
	4.369999999198626e-06
	5.480000001512053e-06
	2.7430000000094878e-05
	0.00022611999999924137
	0.001047669999999812
	0.0049713900000000425
	0.03361337000000049
	0.14135087999999882
	0.005295029999999201
	3.7300000002460367e-06
	1.940000001354747e-06
	3.169999999386164e-06
	2.3699999985637986e-06
	2.5399999998398924e-06
	2.519999998185085e-06
	3.2300000015084153e-06
	2.9499999982363077e-06
	3.060000000232321e-06
	3.7200000008397184e-06
	3.2400000009147332e-06
	3.4700000014709077e-06
	4.199999997922532e-06
	4.140000001484623e-06
	4.9400000023069875e-06
	3.202000000044336e-05
	0.00020121000000017375
	0.0010444100000000845
	0.004678949999998849
	0.033795449999999505
	0.14087457999999914
	0.005502360000002681
	3.869999997618834e-06
	2.029999998853782e-06
	2.340000000344844e-06
	3.6899999997785926e-06
	2.7499999987412594e-06
	3.7800000001197986e-06
	3.270000001975859e-06
	2.7100000011159865e-06
	3.6500000021533197e-06
	1.1810000000878062e-05
	3.6300000004985123e-06
	5.149999998366183e-06
	4.450000000133514e-06
	4.14999999804877e-06
	5.200000001082117e-06
	3.31400000021631e-05
	0.0001996200000007775
	0.0010236499999990655
	0.004709200000002056
	0.03361098000000027
	0.14076212999999882
