	0.011531480000000826
	0.00022207999999990236
	0.0002910399999993873
	0.00028416999999834045
	0.00017801000000023935
	0.0002328300000007055
	0.0002096599999989124
	0.0002737999999995133
	0.00028780000000028233
	0.0002805299999988242
	0.00031432999999956305
	0.0006045499999995485
	0.002256569999999835
	0.002952170000001142
	0.010249699999999362
	0.009071450000000047
	0.007094430000000695
	0.026464200000000458
	0.02369520999999922
	0.05209649999999926
	0.2160398800000007
	2.4620086599999995
	0.002968510000004443
	4.4059999999745966e-05
	0.0003191199999996286
	0.00036686000000116795
	0.0005507299999969462
	0.0005685599999999623
	0.0007577499999989357
	0.0010538899999986027
	0.0009266900000049817
	0.0010621899999975425
	0.0015998700000011469
	0.0013011999999996248
	0.00506871999999987
	0.0042796599999988414
	0.005369089999999944
	0.008068590000000597
	0.009932770000000346
	0.01343136000000058
	0.02077305000000109
	0.03400089000000293
	0.1810118999999993
	2.0450943499999985
	0.00010514000000085843
	3.6149999999679494e-05
	3.1160000000340914e-05
	3.0530000000794646e-05
	3.194999999607262e-05
	0.00028956000000022184
	0.0002990999999994414
	0.0005806600000013872
	0.000580829999996979
	0.00020501000000336945
	0.00017461999999852652
	0.00015295999999693778
	0.00025819999999896485
	0.00030994000000390544
	0.0004807700000029058
	0.0006887800000043853
	0.0008333399999983725
	0.001953690000001984
	0.006540069999998366
	0.018266040000003158
	0.11846245000000125
	1.2506327199999971
	0.00011637999999720706
	4.180000000815199e-05
	4.0599999999813007e-05
	4.0970000000584143e-05
	3.882999999973435e-05
	0.00022159000000101516
	0.0006352199999952292
	0.0008122000000014395
	0.0002905600000048025
	0.0003000700000001189
	0.00035799999999426286
	0.0004256599999933997
	0.00012728999999467305
	0.00029142999999862693
	0.000625680000004536
	0.0005086699999935718
	0.0006500899999963394
	0.003953009999995061
	0.013477349999999434
	0.036368859999998907
	0.18404923999999595
	1.6294450299999994
	0.00010385000000496803
	3.977999999733583e-05
	0.00028467999999861606
	0.00036673999999834453
	0.0007956500000005918
	0.0005940899999984594
	0.0009115999999949054
	0.001226660000000379
	0.0022466199999939818
	0.0013727300000027755
	0.0012530800000007504
	0.0017137800000028847
	0.004260150000004614
	0.005493799999996441
	0.0068549899999908355
	0.007750499999997372
	0.009053790000001527
	0.015559009999998352
	0.019596320000002266
	0.03907741999999814
	0.1828417500000029
	2.0498717699999984
	9.355999999911545e-05
	3.3180000005472725e-05
	0.00040600000000381444
	0.0003399599999966085
	0.0007648400000078937
	0.0005477000000041699
	0.0005491599999999151
	0.000698130000000674
	0.000973459999997317
	0.0016284299999995253
	0.0015023999999925763
	0.001928140000003964
	0.0035613500000010847
	0.004240100000006919
	0.00729472999999814
	0.010481710000001953
	0.01373723000000382
	0.014721339999996986
	0.022014949999996248
	0.03806852999999819
	0.17535938000000045
	2.078949759999995
	9.688999999752924e-05
	3.4030000006168844e-05
	0.00028558000000771243
	0.0004213800000002266
	0.00106993999999645
	0.0005476300000054835
	0.0011922900000115534
	0.0011084299999879477
	0.0012560600000028899
	0.0010173399999871436
	0.0017793799999992644
	0.0024579499999958896
	0.0029841900000064925
	0.004648700000001327
	0.009457280000009404
	0.009461609999993926
	0.011039310000001024
	0.013626310000000787
	0.021559509999985953
	0.03854848000000288
	0.1760063800000012
	2.056030270000008
	0.003486179999993055
	0.00015154999999822397
	4.916000000321219e-05
	4.776000000106251e-05
	5.261999999675026e-05
	6.104000001414534e-05
	8.442000001878114e-05
	0.0008380500000043867
	0.0007144499999981234
	0.0007679500000051575
	0.0008453799999983857
	0.0008834700000136308
	0.0015806000000054608
	0.0024163299999997888
	0.003372339999998531
	0.005573680000009062
	0.008938510000001542
	0.019725969999996096
	0.0582732999999962
	0.16938892999999663
	0.003286019999995915
	8.62299999937477e-05
	4.955999999651795e-05
	4.5770000002676174e-05
	5.8220000005348994e-05
	7.214999999973772e-05
	0.00015255000000706788
	0.0017465599999979984
	0.0012936099999990346
	0.0013016399999969507
	0.0013329800000065008
	0.0013977500000009967
	0.002364750000003824
	0.003927160000006325
	0.005781219999994392
	0.010490639999994757
	0.018842610000001512
	0.08289899999999761
	0.37060217999999734
	1.5053640599999993
	0.000361960000009276
	5.051000000548812e-05
	3.9030000004913744e-05
	4.1399999997793205e-05
	5.206000000157473e-05
	7.488000000535067e-05
	0.0001344200000005458
	0.001867369999990842
	0.0009589000000119086
	0.0010398200000054203
	0.0011696500000027753
	0.0012958299999979773
	0.002276080000001457
	0.0038165699999979093
	0.005684569999993983
	0.010357940000005783
	0.018774820000010097
	0.08311969999999179
	0.3699148300000047
	1.5251421999999935
	0.0009195200000021942
	5.53300000035506e-05
	4.723000000126375e-05
	4.920000000652181e-05
	5.8480000001281956e-05
	7.53899999949681e-05
	0.00010387000000378065
	0.0008665200000052664
	0.0007979100000000016
	0.0008955100000093807
	0.0009241499999973256
	0.0009726999999998041
	0.001973870000006173
	0.002901219999995419
	0.003609330000006139
	0.004990959999997813
	0.007324160000001712
	0.0159325299999864
	0.04853855000001203
	0.14177144000000227
	0.00036182000001190313
	5.4139999997460114e-05
	4.768999999100743e-05
	4.949000000351589e-05
	5.856000000790118e-05
	7.622000000537809e-05
	0.00010275000000206092
	0.000668399999989333
	0.0007841399999847454
	0.000888569999989386
	0.0009168500000100722
	0.0009675899999990634
	0.0019706699999915145
	0.002873690000001261
	0.0036187300000051444
	0.004981490000000121
	0.007318499999990991
	0.01590472000000318
	0.04905641999998806
	0.1403743899999995
	0.00035993999999845984
	6.29699999933564e-05
	4.798999999593435e-05
	4.749999999944521e-05
	5.406999999308937e-05
	6.091000000765235e-05
	8.419999999205174e-05
	0.0006283699999926285
	0.0006891600000130892
	0.0007720800000015516
	0.0008467900000141526
	0.0008915300000012394
	0.0015735600000027715
	0.002427569999991874
	0.0033863599999904175
	0.005427179999992404
	0.009007460000003676
	0.019636019999984454
	0.057982709999998855
	0.17185431999998285
	0.0003716799999892828
	6.484000000455125e-05
	4.8159999988683924e-05
	4.835999999954764e-05
	5.2429999993819375e-05
	6.101000000739986e-05
	8.435999999392151e-05
	0.0006652200000019093
	0.0007038799999975254
	0.0007751599999949122
	0.0008406700000080036
	0.0008811900000011974
	0.0016046600000038326
	0.002442419999994172
	0.003390079999991257
	0.005410140000003593
	0.008842839999999798
	0.019693889999996373
	0.05816537000000608
	0.1707972299999881
	0.0007053000000041721
	5.192999999508174e-05
	4.0910000006988414e-05
	4.3300000004364844e-05
	5.214000001387831e-05
	6.872999999814055e-05
	0.00014529000000038648
	0.001808290000002444
	0.000965249999990192
	0.0011031800000125712
	0.0011901300000033642
	0.0013120399999934308
	0.002279030000011062
	0.0038286999999968432
	0.005679840000004788
	0.010397819999997181
	0.018803489999993418
	0.08325730000000248
	0.37142906000000264
	1.5059827200000142
	0.0003437400000052549
	4.805999998893639e-05
	4.067000000418374e-05
	4.335000000423861e-05
	5.159000000389824e-05
	6.783000000041284e-05
	0.0001438399999926787
	0.002006370000009383
	0.0009110899999882349
	0.001048109999993585
	0.001184210000008079
	0.0013123399999813046
	0.0022882499999980154
	0.0038341300000013234
	0.005690279999998893
	0.010353060000011283
	0.018716509999984508
	0.08243484999999283
	0.371686579999988
	1.4999172200000148
