	0.011233180000000665
	0.00017837000000058277
	0.0002744200000005415
	0.00026849000000033206
	0.00024045000000011416
	0.000272059999999652
	0.0002078199999990371
	0.00021796000000150477
	0.0002440499999996626
	0.00027412000000062167
	0.000323820000000985
	0.003601400000000221
	0.002300589999999481
	0.0018165600000015767
	0.005565570000000053
	0.0016163799999999063
	0.00395747999999978
	0.00376469999999961
	0.011312240000000306
	0.043714620000000086
	0.2148355099999999
	2.3688431000000003
	0.0001277799999982676
	3.390000000180748e-05
	0.0003204299999993055
	0.0003597100000007458
	0.0005304599999995218
	0.0003405299999997169
	0.0003936999999986313
	0.0007118799999993542
	0.0007453799999971977
	0.0008820200000002387
	0.001111200000000423
	0.0014763499999972394
	0.0021061999999993477
	0.003197329999997578
	0.005015460000000615
	0.0069440399999990635
	0.007799140000000193
	0.011409020000004233
	0.020150229999997292
	0.04114930999999871
	0.189785719999999
	2.1666535900000006
	9.793000000115625e-05
	3.2160000000658325e-05
	2.9279999998266246e-05
	2.8730000001075946e-05
	2.9909999999233605e-05
	0.000292589999999393
	0.0003266999999993914
	0.0006784499999980653
	0.0002813900000020908
	0.00020034999999865024
	0.00015924999999583633
	0.00014491000000163012
	0.00025420000000053733
	0.0003070099999987974
	0.0003786899999994375
	0.0006721800000008216
	0.000723160000001144
	0.0019428800000042656
	0.00734433000000081
	0.023056229999998835
	0.13221782000000104
	1.3598492000000006
	0.00010888999999849602
	3.976000000136537e-05
	3.681999999400887e-05
	3.554999999835217e-05
	3.708999999787465e-05
	0.00021747999999774948
	0.0007124000000061414
	0.000784800000005248
	0.00032615000000077996
	0.00029557000000295374
	0.0003587100000032706
	0.00042518999999288095
	0.00012417999999740913
	0.0002891500000032465
	0.0005985700000053384
	0.0005068999999991774
	0.0006192299999980831
	0.0037220700000005994
	0.01479827999999941
	0.04017953999999406
	0.19361347999999906
	1.741868930000001
	9.629000000188626e-05
	3.618000000642496e-05
	0.0002770099999992226
	0.00034369999999626086
	0.0005033900000057656
	0.00036898000000462616
	0.0004954100000020389
	0.0009278400000056309
	0.0008170799999987822
	0.0009210699999954386
	0.0013185900000024732
	0.0014378100000016047
	0.0024054999999975736
	0.00350347000000113
	0.005233320000002095
	0.006814520000000357
	0.0073466500000023425
	0.012160120000004326
	0.01854790999999523
	0.04139551000000097
	0.19041570999999918
	2.187510769999997
	0.0001047699999986662
	3.255000000024211e-05
	0.0003237200000057783
	0.00030668999999079467
	0.0005134899999973187
	0.00034083999999552357
	0.0004943999999909466
	0.0009439000000014629
	0.0007262800000006564
	0.0008865200000030883
	0.0012538700000021667
	0.0017684500000029856
	0.0025497699999988297
	0.003189659999998184
	0.0043577499999969405
	0.007121500000002357
	0.008787440000003244
	0.012674449999988725
	0.019343409999996203
	0.04508844000000352
	0.18856830999999658
	2.171245289999996
	9.633000000235372e-05
	3.284999998527382e-05
	0.00030356000001461323
	0.00035199999999804284
	0.0005266800000015337
	0.00035902000000191957
	0.0005381900000031691
	0.0009009999999932461
	0.000804149999993342
	0.0008629199999916181
	0.001086709999992763
	0.0016426599999874725
	0.0022618199999953955
	0.003352350000005799
	0.004440610000000333
	0.007147199999980103
	0.007379749999995511
	0.01132478999999762
	0.0206069399999933
	0.04367174999999861
	0.1914840899999888
	2.167769440000006
	0.0005640799999923729
	6.0670000004847685e-05
	4.438000001414366e-05
	4.497000001606466e-05
	5.0579999992805824e-05
	6.11399999911555e-05
	9.460000001126902e-05
	0.0008740500000044448
	0.000694319999996651
	0.0007586200000048393
	0.0008251700000016627
	0.0009258799999997792
	0.0015716800000063812
	0.0024391899999898214
	0.003361870000003364
	0.005648120000000745
	0.008883480000002919
	0.01944951999999489
	0.05999673000000029
	0.19176635999998556
	0.0007173899999997957
	5.568000000266693e-05
	4.255000000057407e-05
	4.4939999992266176e-05
	5.537999999774002e-05
	7.722999999373314e-05
	0.00017257000000654444
	0.002139590000012959
	0.0011176100000000132
	0.0011837599999921621
	0.0013786799999934375
	0.0014733199999966472
	0.002510539999997264
	0.004174200000005612
	0.005989420000003065
	0.010004520000001096
	0.016758529999998474
	0.06096421000000306
	0.25348311000000195
	1.1188675899999965
	0.0005899399999862
	4.4660000020257934e-05
	3.778999999326515e-05
	4.217000001176529e-05
	5.13299999965966e-05
	7.302000000777299e-05
	0.0001643699999931414
	0.0021337199999948097
	0.0009524400000032074
	0.0011018899999953647
	0.0012630500000000212
	0.0014111100000093306
	0.0024338000000000194
	0.004083599999995613
	0.005941990000007991
	0.009937550000000782
	0.01658763999999451
	0.0601461499999914
	0.2524399600000038
	1.1120781300000089
	0.0006176500000037777
	5.196000000751155e-05
	4.421999999522085e-05
	4.832999998711784e-05
	5.8019999994485263e-05
	8.127999999487656e-05
	0.00011125000000333783
	0.0009636199999988548
	0.0007998499999985143
	0.0008848899999975401
	0.0009576699999854555
	0.0009634799999957977
	0.0020444599999962067
	0.002998790000003737
	0.003786660000002939
	0.005212300000005144
	0.007708239999999478
	0.017733010000011974
	0.05856468000000063
	0.19051148000000354
	0.0006257600000083131
	5.380000001196095e-05
	4.5180000000755165e-05
	4.737999998383202e-05
	5.767000000105327e-05
	8.03100000041468e-05
	0.00011580000000890322
	0.0009091999999952805
	0.0008036100000140322
	0.0008858999999915796
	0.0009331400000121447
	0.0009552799999994477
	0.0020372999999949573
	0.0029552000000137467
	0.0038224599999864494
	0.005111930000003894
	0.007604169999996203
	0.01743726999998216
	0.05918831000000182
	0.19248427999999648
	0.0005937200000005304
	5.7640000005676487e-05
	4.471999999964282e-05
	4.564999999274732e-05
	5.163000001289219e-05
	6.013999999368024e-05
	9.519999999838547e-05
	0.0006229999999959546
	0.0006964199999970333
	0.0007611100000076476
	0.00084198000000697
	0.0008779000000004089
	0.0015471600000012131
	0.002377979999988611
	0.0033728500000222536
	0.005633490000008124
	0.008891889999989643
	0.01943488000000571
	0.060763859999991614
	0.18903779000000326
	0.0006032699999934721
	5.7630000003428e-05
	4.436000000396234e-05
	4.4880000001512595e-05
	5.0619999990431096e-05
	5.96799999925679e-05
	9.548000001586842e-05
	0.0006582600000058392
	0.0007020499999953244
	0.000769270000000688
	0.0008941900000138504
	0.0008859999999913271
	0.0015647999999941929
	0.002406100000001743
	0.0034880900000189285
	0.005702889999997751
	0.008943749999997409
	0.019315329999994902
	0.059818439999992284
	0.1893783100000121
	0.0005902800000058051
	4.6239999994668325e-05
	4.028000000744214e-05
	4.525000001081026e-05
	5.4610000000820945e-05
	7.591000000957137e-05
	0.0001630199999965498
	0.00190628999999376
	0.0009604400000000625
	0.0010944400000084896
	0.0012724800000000868
	0.0014049200000044947
	0.0024313000000176998
	0.0040928399999927475
	0.005979250000012826
	0.010020229999992124
	0.016669209999992062
	0.06028287000000886
	0.2542978300000073
	1.115145729999989
	0.0005920400000036353
	5.440000000476175e-05
	4.085999999574597e-05
	4.519999998251479e-05
	5.524999999693137e-05
	7.611999999994623e-05
	0.00016303000000448265
	0.0019808499999896868
	0.0009747900000093069
	0.0011174699999969562
	0.0013038800000003902
	0.0014257799999938927
	0.0024824199999954996
	0.004137280000009013
	0.005963489999993498
	0.009994190000008984
	0.01658286000000544
	0.06015363000000207
	0.2534642200000121
	1.1339511300000025
