	2.8280000000002748e-05
	1.5169999999997685e-05
	1.5639999999994548e-05
	1.562999999999981e-05
	1.6640000000001098e-05
	2.2929999999998786e-05
	2.927000000000346e-05
	1.8459999999997923e-05
	2.4810000000008438e-05
	1.81600000000004e-05
	1.8850000000003585e-05
	5.693999999999422e-05
	2.1939999999998072e-05
	2.4489999999999235e-05
	2.607000000000026e-05
	4.348999999999048e-05
	0.000165420000000005
	0.0005466700000000046
	0.0018703899999999996
	0.008963490000000008
	0.059910130000000006
	0.27262551999999995
	0.0001227700000001164
	6.455000000009648e-05
	2.516999999997438e-05
	2.7049999999917418e-05
	1.5550000000175145e-05
	1.4639999999843667e-05
	2.915999999970609e-05
	2.8340000000071086e-05
	9.75799999999083e-05
	2.2799999999989495e-05
	0.00016089000000008014
	2.9109999999832326e-05
	2.307000000030257e-05
	3.3930000000026436e-05
	8.498999999986267e-05
	3.811999999996374e-05
	0.0005613199999999097
	0.0006558800000000531
	0.0027790999999997013
	0.011038740000000047
	0.06359257000000014
	0.25263424999999984
	3.092000000037842e-05
	2.5600000000025603e-05
	1.655000000013729e-05
	1.4980000000264226e-05
	1.4190000000269265e-05
	4.0510000000182346e-05
	2.325000000027444e-05
	2.0150000000285218e-05
	1.966000000024337e-05
	2.0800000000065212e-05
	2.7159999999781802e-05
	1.9379999999813437e-05
	2.404999999967572e-05
	2.422000000024127e-05
	4.202000000006478e-05
	3.3249999999895864e-05
	7.801000000000613e-05
	0.000509710000000041
	0.0022667699999999514
	0.010537769999999825
	0.06133892000000003
	0.2868015800000002
	3.7300000000328736e-05
	2.5529999999918117e-05
	1.4099999999928059e-05
	2.081999999958839e-05
	1.4360000000124273e-05
	1.8180000000000975e-05
	1.7470000000230356e-05
	1.6309999999464253e-05
	1.8039999999786006e-05
	1.8859999999421008e-05
	2.6439999999894325e-05
	1.9400000000047157e-05
	9.08500000001311e-05
	2.6009999999843102e-05
	2.7039999999800556e-05
	3.0489999999616658e-05
	8.170999999990158e-05
	0.0005589400000005184
	0.0022423899999999717
	0.010761630000000365
	0.06064774000000028
	0.24659638999999983
	5.890000000050577e-05
	3.1549999999924697e-05
	2.587000000033868e-05
	2.4549999999123884e-05
	2.3700000001269926e-05
	1.6089999999735482e-05
	1.6460000000506626e-05
	2.7930000000253587e-05
	1.926999999994905e-05
	2.5440000000287456e-05
	2.996999999993477e-05
	6.051999999954205e-05
	3.8339999998981963e-05
	6.28700000007143e-05
	2.8189999999028714e-05
	4.889000000076749e-05
	0.00021737999999942302
	0.0007457400000006942
	0.002785900000000652
	0.01001559000000043
	0.062495830000000294
	0.24599850999999973
	4.1600000000130424e-05
	2.5170000000684922e-05
	1.4150000001222907e-05
	1.373999999998432e-05
	2.2429999999928897e-05
	1.604999999926804e-05
	1.9939999999962767e-05
	1.685999999949672e-05
	1.7889999999454175e-05
	1.9149999999967804e-05
	4.480999999998403e-05
	3.8239999999234445e-05
	2.105999999884034e-05
	3.7860000000478065e-05
	2.950000000083719e-05
	3.469999999907714e-05
	8.386999999885348e-05
	0.0007629600000001347
	0.002298879999999315
	0.0107350100000005
	0.06069188000000025
	0.25028626000000004
	3.0019999999808534e-05
	2.975999999961232e-05
	1.4649999999960529e-05
	3.4600000000750696e-05
	1.8629999999575375e-05
	1.5190000000586679e-05
	1.6480000000740346e-05
	1.5700000000151702e-05
	1.7939999999327938e-05
	2.1610000000293895e-05
	2.0699999998896602e-05
	2.2270000000901292e-05
	2.001000000007025e-05
	2.4489999999843805e-05
	3.565000000094187e-05
	5.241000000069107e-05
	0.00014647999999937156
	0.0007806100000010474
	0.002377260000000092
	0.010174050000000535
	0.05981019999999972
	0.26217621000000124
	3.216000000065833e-05
	7.310000000018135e-05
	2.67100000002074e-05
	2.589999999997872e-05
	2.2930000000087603e-05
	2.4949999999535067e-05
	9.000000000014552e-05
	2.459999999757656e-05
	4.588999999839416e-05
	2.709000000038486e-05
	2.0040000001131376e-05
	2.5859999999511275e-05
	4.602999999860913e-05
	4.493000000138636e-05
	3.7040000000843067e-05
	3.14800000012383e-05
	0.00010645000000124583
	0.0004951000000005479
	0.0023227600000012673
	0.012273940000000039
	0.0660738699999996
	0.24823947999999801
	2.978999999925236e-05
	2.493000000072243e-05
	1.4430000001652843e-05
	1.3579999998114544e-05
	1.4360000000124273e-05
	3.4099999999170906e-05
	1.83999999990192e-05
	1.5230000002475208e-05
	2.1069999999667743e-05
	1.923000000090269e-05
	3.2590000000709554e-05
	1.929999999958909e-05
	2.2620000001438713e-05
	6.18200000019442e-05
	5.906000000095446e-05
	3.9390000000594225e-05
	7.490000000132113e-05
	0.000687679999998636
	0.0019432499999993524
	0.010362180000001331
	0.05954868999999974
	0.2465468699999974
	5.228999999928874e-05
	5.8780000000524526e-05
	2.685000000042237e-05
	2.186000000108379e-05
	1.4640000000554209e-05
	1.4970000000857908e-05
	1.8179999997869345e-05
	4.522999999778676e-05
	2.309000000195738e-05
	1.87999999980093e-05
	2.8910000000337278e-05
	2.5909999999385035e-05
	2.7600000001370974e-05
	6.196999999872333e-05
	2.429000000176984e-05
	0.00013555000000167183
	0.00017358999999999013
	0.0005015200000002551
	0.002071540000000027
	0.00889913999999976
	0.05892115000000046
	0.2459833300000014
