	0.0005042899999999961
	1.524000000000525e-05
	8.870000000005263e-06
	1.0759999999998549e-05
	1.3730000000000687e-05
	7.560000000006451e-06
	8.110000000005613e-06
	7.219999999996673e-06
	7.460000000003575e-06
	7.7600000000011e-06
	7.3400000000001245e-06
	7.970000000001587e-06
	1.1559999999999349e-05
	1.3769999999990734e-05
	1.0030000000005313e-05
	7.80000000000225e-06
	8.289999999999687e-06
	2.3159999999999846e-05
	1.8340000000005574e-05
	2.332000000000445e-05
	3.4599999999995745e-05
	0.00012465999999999866
	1.5499999999946112e-05
	7.579999999940412e-06
	7.669999999926347e-06
	7.279999999987297e-06
	8.210000000019591e-06
	1.1270000000074277e-05
	7.100000000015428e-06
	9.0699999999444e-06
	8.210000000019591e-06
	7.82999999984213e-06
	7.469999999898391e-06
	7.399999999968543e-06
	7.399999999968543e-06
	7.810000000141315e-06
	7.590000000057273e-06
	1.2530000000054996e-05
	8.65000000001004e-06
	1.1310000000008813e-05
	1.760999999991242e-05
	2.116000000000895e-05
	3.600000000005821e-05
	5.123999999998574e-05
	4.68800000000158e-05
	1.2189999999989709e-05
	1.1809999999989883e-05
	7.440000000080715e-06
	9.779999999892652e-06
	7.830000000019766e-06
	7.309999999982608e-06
	7.320000000099469e-06
	8.150000000028967e-06
	7.450000000019941e-06
	7.609999999935724e-06
	7.559999999884326e-06
	9.220000000098594e-06
	7.619999999874949e-06
	8.249999999954127e-06
	8.240000000014902e-06
	8.979999999958465e-06
	3.019000000001881e-05
	1.3419999999975118e-05
	2.446000000002613e-05
	3.4799999999890474e-05
	4.9869999999785364e-05
	1.3230000000064024e-05
	1.1220000000022878e-05
	1.0819999999966967e-05
	1.0929999999831353e-05
	1.0179999999948564e-05
	8.919999999790206e-06
	7.000000000090267e-06
	7.689999999982433e-06
	7.3699999997955954e-06
	7.5999999999964984e-06
	7.559999999884326e-06
	7.739999999856195e-06
	7.8300000001974e-06
	2.0900000000168007e-05
	9.380000000192012e-06
	1.1169999999793846e-05
	9.529999999813299e-06
	1.0980000000060387e-05
	2.285999999998012e-05
	2.3139999999699512e-05
	4.8199999999809505e-05
	5.36000000000314e-05
	8.640000000070814e-06
	7.390000000029318e-06
	7.169999999945276e-06
	7.0400000002024395e-06
	7.730000000094606e-06
	7.1299999998331035e-06
	7.109999999954653e-06
	7.390000000029318e-06
	7.4100000002630395e-06
	1.333000000016682e-05
	7.790000000085228e-06
	7.82000000008054e-06
	7.670000000103983e-06
	0.00014353000000006945
	1.410000000028333e-05
	1.5780000000020777e-05
	9.069999999766764e-06
	1.1120000000275354e-05
	2.1470000000078926e-05
	2.2440000000045755e-05
	3.317000000002679e-05
	9.027999999986492e-05
	2.211999999985892e-05
	1.5650000000277943e-05
	1.1549999999971305e-05
	1.0029999999972006e-05
	1.373999999998432e-05
	1.5220000000226719e-05
	1.3839999999731844e-05
	1.1690000000186274e-05
	2.551000000039494e-05
	9.390000000308874e-06
	7.850000000075851e-06
	7.820000000435812e-06
	9.13000000011266e-06
	7.680000000220843e-06
	7.899999999949614e-06
	8.549999999729608e-06
	9.239999999977045e-06
	1.9059999999626598e-05
	6.486999999992804e-05
	0.000128140000000343
	3.337999999999397e-05
	5.994000000058009e-05
	1.643999999956236e-05
	9.370000000075152e-06
	1.3219999999591892e-05
	7.520000000482696e-06
	7.339999999800284e-06
	7.040000000557711e-06
	7.099999999837791e-06
	7.140000000305235e-06
	7.200000000295859e-06
	8.110000000272066e-06
	7.440000000258351e-06
	7.349999999917145e-06
	7.699999999744022e-06
	7.4599999997815304e-06
	7.659999999987121e-06
	7.660000000697665e-06
	8.290000000243936e-06
	1.2250000000335604e-05
	1.3289999999699376e-05
	6.516000000047483e-05
	3.4449999999708326e-05
	5.220000000036862e-05
	8.37000000046828e-06
	7.21000000041272e-06
	9.529999999813299e-06
	8.98999999989769e-06
	8.659999999593992e-06
	8.109999999561524e-06
	7.509999999655292e-06
	7.489999999421571e-06
	8.300000000360797e-06
	8.290000000243936e-06
	7.719999999977744e-06
	7.790000000085228e-06
	1.0079999999845767e-05
	1.1710000000419996e-05
	1.163000000019565e-05
	8.19999999990273e-06
	1.3609999999886213e-05
	1.1389999999522615e-05
	1.6469999999912942e-05
	2.084999999993897e-05
	3.375000000005457e-05
	6.288000000012061e-05
	8.859999999799583e-06
	1.0639999999995097e-05
	7.609999999402816e-06
	7.959999999940237e-06
	7.680000000220843e-06
	1.0619999999761376e-05
	9.209999999626462e-06
	1.5219999999516176e-05
	1.2869999999765013e-05
	1.0699999999985722e-05
	8.679999999827715e-06
	1.8959999999879072e-05
	1.413999999968496e-05
	8.119999999678385e-06
	8.4199999996315e-06
	7.940000000417057e-06
	8.859999999799583e-06
	1.2040000000013151e-05
	1.314000000007809e-05
	2.264000000025135e-05
	3.3330000000120205e-05
	8.517999999995141e-05
	3.585999999984324e-05
	9.350000000551973e-06
	7.80000000020209e-06
	7.0899999997209305e-06
	7.100000000548334e-06
	7.309999999449701e-06
	8.030000000047721e-06
	8.37000000046828e-06
	1.3080000000087466e-05
	9.490000000056398e-06
	7.5500000001227365e-06
	8.359999999640876e-06
	7.5999999999964984e-06
	7.519999999772153e-06
	8.60999999972023e-06
	7.980000000173958e-06
	8.61999999983709e-06
	1.2120000000237497e-05
	1.9220000000075287e-05
	5.3330000000073596e-05
	3.3080000000040856e-05
	7.626999999956751e-05
