	0.0005670100000000011
	0.00011691999999999814
	0.00015978000000000937
	0.00026699000000000026
	0.0002444000000000002
	0.0003218199999999949
	0.0005558599999999969
	0.0005048799999999964
	0.0006676399999999916
	0.0005765100000000078
	0.0011023899999999976
	0.000890970000000002
	0.0009203199999999967
	0.0010800699999999996
	0.0013664400000000022
	0.001357940000000002
	0.0031925800000000004
	0.0077685499999999965
	0.018853989999999998
	0.05177136999999998
	0.28899852
	1.37590878
	0.012889889999999937
	0.00014405000000010658
	0.0003042000000000655
	0.0001921499999998133
	0.00019637000000010117
	0.0004929000000000628
	0.0004062700000002195
	0.0005324299999998061
	0.0009732400000000751
	0.0007706799999997571
	0.0008412499999998601
	0.0015008000000001688
	0.0010339199999997105
	0.001235099999999889
	0.0014201899999999768
	0.0015711400000000709
	0.0037081799999999277
	0.010212590000000077
	0.02228416000000024
	0.05878720000000008
	0.2790437600000001
	1.11324085
	0.009333939999999786
	0.0001201399999999353
	0.00016081999999997265
	0.0001661899999994887
	0.0001866700000000776
	0.00029959999999960016
	0.0003246799999999439
	0.00046674000000024307
	0.0006317199999998025
	0.0006031800000002363
	0.0006803400000002568
	0.0007673700000005113
	0.0008172000000001844
	0.001135439999999477
	0.0010868000000002099
	0.00161329999999964
	0.002623179999999792
	0.007955900000000326
	0.0202522799999997
	0.051903370000000136
	0.2830227299999997
	1.15442531
	0.008833219999999642
	9.130999999982237e-05
	0.00015241999999986432
	0.00016593000000000301
	0.0002789199999995162
	0.0002713300000003471
	0.0002692199999998479
	0.0003799200000003111
	0.0006264000000001602
	0.0005971000000002391
	0.0006889399999998602
	0.000943309999999542
	0.0009736199999998973
	0.001088969999999989
	0.0011269300000002146
	0.0013353999999999645
	0.002855160000000012
	0.008049949999999483
	0.019833729999999862
	0.051373410000000064
	0.27880520000000003
	1.25503688
	0.01239461999999918
	0.0002692300000006753
	0.00023759999999981574
	0.0002839100000002759
	0.000439079999999592
	0.00022988999999995485
	0.000476740000000575
	0.0005984999999995467
	0.0010174299999988535
	0.0008616399999993973
	0.0015149999999991338
	0.0009653900000003545
	0.0008861500000008959
	0.001695909999999401
	0.0013488300000005892
	0.0024880199999998353
	0.004369909999999777
	0.009625199999999268
	0.022700749999999915
	0.05492914999999954
	0.2788111200000003
	1.1260220199999993
	0.008692369999999982
	9.119000000055167e-05
	0.00015626999999938108
	0.0002838600000004021
	0.00025734999999968975
	0.0002134999999995557
	0.0002709500000008802
	0.0003857300000007058
	0.000542230000000643
	0.0006602100000009159
	0.0007210000000000605
	0.0007283700000002113
	0.0008565500000003113
	0.0011409400000005122
	0.001132970000000455
	0.0013473000000004732
	0.0030673500000006015
	0.008371800000000462
	0.021023080000000506
	0.05192497000000031
	0.282230650000001
	1.20736299
	0.008540800000000104
	9.732999999982894e-05
	0.00018503000000009707
	0.00020951999999994087
	0.00021945000000016534
	0.0002900600000003806
	0.0002698600000002216
	0.0003754499999999439
	0.0008140699999998446
	0.0007868200000004322
	0.0007507400000008602
	0.0009398999999987723
	0.0009167399999995496
	0.0013324999999994702
	0.0012023200000001566
	0.0014751399999994419
	0.0031881100000006766
	0.008580759999999544
	0.020065019999999833
	0.04910272999999989
	0.2885535500000003
	1.1481872199999998
	0.010249020000000542
	0.00024976999999921646
	0.00024313000000120155
	0.0002559200000007422
	0.00022221999999771924
	0.00030315000000200596
	0.00037796000000014376
	0.0008036600000025373
	0.0008055399999989277
	0.0007344399999993812
	0.0008548700000005737
	0.0006765300000012075
	0.0011406499999992547
	0.0012359199999991688
	0.0011483800000007705
	0.0016352599999976292
	0.0030362800000006017
	0.008622520000000123
	0.02341395999999918
	0.06149709999999971
	0.3267786000000001
	1.1310005700000005
	0.008857850000001121
	9.096999999940181e-05
	0.0001474799999982679
	0.00017852000000004865
	0.0003181100000006154
	0.0002966500000013639
	0.00026120999999932335
	0.00037244999999757055
	0.000592209999999227
	0.0006195899999994481
	0.0006860099999983049
	0.0008318000000002712
	0.0008771499999994603
	0.0011295099999983904
	0.0012065799999987803
	0.0015435199999984661
	0.002894829999999615
	0.00807859000000235
	0.019485090000000583
	0.05040753000000109
	0.27562532000000034
	1.2594147900000023
	0.010977660000000356
	0.00019645000000139133
	0.00023160000000075343
	0.00019474000000059278
	0.00019010000000037054
	0.00022427999999763415
	0.00032441000000176244
	0.0004218900000012127
	0.0007424599999978909
	0.0007535300000000688
	0.000994190000000117
	0.0008507500000007439
	0.0009419199999996409
	0.0012789800000007289
	0.0012702899999993632
	0.0014478900000000293
	0.0033686100000011264
	0.008849929999999517
	0.019016140000002225
	0.04882987999999955
	0.2735332700000015
	1.09009317
