	4.183000000000936e-05
	7.713999999999776e-05
	4.3760000000003796e-05
	3.482000000000207e-05
	3.585999999999867e-05
	3.577000000000163e-05
	2.8919999999998947e-05
	3.190000000000692e-05
	3.0419999999997672e-05
	3.142000000000422e-05
	3.23199999999968e-05
	3.739000000000381e-05
	4.341000000001039e-05
	5.087000000000286e-05
	4.1629999999992505e-05
	5.099000000000631e-05
	0.0001403000000000043
	0.0009100200000000003
	0.004294839999999999
	0.026061179999999996
	0.12474313
	0.6148968100000001
	7.41300000001388e-05
	4.234000000007399e-05
	3.494000000010544e-05
	3.3729999999998486e-05
	2.5950000000030114e-05
	2.7210000000010837e-05
	2.699999999986602e-05
	2.9830000000075075e-05
	3.264000000005041e-05
	4.129999999999967e-05
	3.1250000000149214e-05
	3.140000000012577e-05
	3.2959999999881974e-05
	3.604999999993197e-05
	4.019999999993473e-05
	4.890999999993539e-05
	0.00013878999999992204
	0.0011675099999999717
	0.004226629999999965
	0.019026030000000027
	0.13298011999999987
	0.52086647
	0.00012139999999991602
	5.091999999997654e-05
	4.0270000000042215e-05
	3.410999999999831e-05
	5.160000000010711e-05
	2.8979999999911855e-05
	3.055999999990178e-05
	3.957000000003319e-05
	3.416000000004971e-05
	3.083999999997644e-05
	3.1169999999924866e-05
	3.375000000005457e-05
	3.367999999994709e-05
	3.84500000000898e-05
	4.636999999991786e-05
	4.501999999995121e-05
	0.00015005000000005707
	0.0009267399999998815
	0.00376726000000005
	0.017263280000000058
	0.12296032000000015
	0.5148482399999998
	5.023999999984596e-05
	3.756999999993127e-05
	3.6620000000198163e-05
	3.768999999991252e-05
	3.844000000015057e-05
	3.8310000000052466e-05
	2.7189999999777114e-05
	3.571000000022195e-05
	3.0089999999916017e-05
	3.052999999972883e-05
	3.1170000000102506e-05
	3.3300000000124896e-05
	3.2879999999835266e-05
	0.00012866000000002486
	5.4199999999937634e-05
	4.994000000024812e-05
	0.0001893400000000156
	0.0007729099999998823
	0.004107070000000235
	0.01680205000000008
	0.12302014000000021
	0.5023319699999998
	4.38799999997741e-05
	3.7460000000066886e-05
	2.6369999999786842e-05
	2.5069999999871585e-05
	2.5220000000203412e-05
	2.6770000000198026e-05
	2.7459999999734917e-05
	3.116999999974723e-05
	3.0559999999724144e-05
	3.496999999974548e-05
	3.5279999999815456e-05
	3.688999999980069e-05
	3.3439999999984596e-05
	7.534999999982971e-05
	6.50199999999046e-05
	8.306000000004587e-05
	0.0002014300000002578
	0.0008103099999999585
	0.004011829999999961
	0.01730885999999998
	0.12483129999999995
	0.5390442399999997
	9.605000000050268e-05
	4.62300000002358e-05
	4.713000000009515e-05
	4.2249999999910415e-05
	6.014000000007513e-05
	3.962999999984618e-05
	4.0369999999967374e-05
	5.571000000017534e-05
	4.8160000000052604e-05
	5.756999999988466e-05
	3.382000000016205e-05
	4.2369999999891664e-05
	3.826000000017871e-05
	3.888999999972498e-05
	4.715999999973519e-05
	5.5629999999950995e-05
	0.0001919599999993693
	0.001071420000000245
	0.004993439999999794
	0.019846830000000183
	0.14355902
	0.5189187699999998
	5.981000000048198e-05
	5.546000000009599e-05
	6.253000000029374e-05
	3.0369999999635412e-05
	2.8110000000225453e-05
	2.593999999973562e-05
	2.655999999987557e-05
	2.8160000000099216e-05
	2.9260000000164156e-05
	2.9090000000309148e-05
	3.01200000002666e-05
	3.066999999958853e-05
	3.359000000031642e-05
	3.6539999999973816e-05
	4.181000000045287e-05
	4.460999999977844e-05
	0.00015958000000040328
	0.0009476399999996943
	0.00358283000000057
	0.01762605999999991
	0.12097482
	0.51800225
	4.2640000000204736e-05
	2.6629999999983057e-05
	6.191000000015379e-05
	3.187000000011153e-05
	3.731999999985191e-05
	3.9749999999827426e-05
	2.9920000000061008e-05
	3.310000000027458e-05
	3.39400000001433e-05
	3.422999999997955e-05
	4.012000000059856e-05
	3.5829999999492655e-05
	3.3790000000522016e-05
	4.257999999950357e-05
	5.845000000022082e-05
	4.960999999994442e-05
	0.00042163000000030595
	0.0009461300000005224
	0.004294269999999756
	0.018907149999999717
	0.14177911000000024
	0.5330079499999997
	5.045999999993e-05
	2.785000000002924e-05
	4.170000000058849e-05
	4.768000000012762e-05
	3.359999999972274e-05
	6.017999999983203e-05
	5.5309999999764156e-05
	0.00021405000000029872
	7.765000000006239e-05
	5.8390000000230205e-05
	7.755000000031487e-05
	5.134000000026617e-05
	6.222000000022376e-05
	5.0990000000439296e-05
	5.487000000030662e-05
	4.58099999995909e-05
	0.00015580000000028348
	0.000915239999999784
	0.004300800000000038
	0.018043970000000086
	0.12657323000000034
	0.5292020000000001
	6.177000000064936e-05
	3.543999999990888e-05
	2.897999999973422e-05
	2.5030000000469953e-05
	2.7769999999804895e-05
	3.0600000000191584e-05
	3.303000000016709e-05
	3.3090000000157714e-05
	4.135000000005107e-05
	3.6380000000235666e-05
	3.494999999986703e-05
	3.245000000049458e-05
	3.407999999964773e-05
	3.752000000005751e-05
	3.769000000062306e-05
	5.3299999999723015e-05
	0.00016153999999986014
	0.0009485800000000211
	0.0039616399999999885
	0.018966230000000195
	0.13582639999999985
	0.5902067800000005
